Testing Repo CMPT127-1157-sinanl/5 Lab 5 Task 6 at 2015-12-04 12:02:38.986570
(make -f /home/vaughan/lab/5/Makefile.test t6 STUDENT="sinanl" LAB="/home/vaughan/lab/5" REPO="/home/vaughan/CMPT127-1157-sinanl/5" SANDBOX="/home/build/sandbox.sinanl.QnFN6W"> compiler.out ) >& compiler.err
Build operations:
	gcc -g -Wall -std=c99 -I/home/vaughan/lab/5 -o t6 /home/vaughan/lab/5/main.c /home/vaughan/CMPT127-1157-sinanl/5/intarr.c -lm
build OK

Unit test default: 
	Running Program...
	Done. Program returned 0
	stdout ---------------------------------------------------
	Testing Task 6
	intarr_create( 100777 )
	intarr_create() passed initial tests.
	intarr_destroy( 0x18b9010 )
	intarr_destroy() passed initial tests.
	intarr_create( 36 )
	writing a random value into every array slot
	index 0
	index 1
	index 2
	index 3
	index 4
	index 5
	index 6
	index 7
	index 8
	index 9
	index 10
	index 11
	index 12
	index 13
	index 14
	index 15
	index 16
	index 17
	index 18
	index 19
	index 20
	index 21
	index 22
	index 23
	index 24
	index 25
	index 26
	index 27
	index 28
	index 29
	index 30
	index 31
	index 32
	index 33
	index 34
	index 35
	done.
	before push 0x18b9010 len 36 [ 27 16 3 99 50 78 44 6 80 22 31 73 61 61 20 56 67 20 58 7 93 99 75 52 41 92 56 34 69 77 32 49 45 87 48 48 ]
	after push  0x18b9010 len 37 [ 27 16 3 99 50 78 44 6 80 22 31 73 61 61 20 56 67 20 58 7 93 99 75 52 41 92 56 34 69 77 32 49 45 87 48 48 66 ]
	after push  0x18b9010 len 38 [ 27 16 3 99 50 78 44 6 80 22 31 73 61 61 20 56 67 20 58 7 93 99 75 52 41 92 56 34 69 77 32 49 45 87 48 48 66 45 ]
	after push  0x18b9010 len 39 [ 27 16 3 99 50 78 44 6 80 22 31 73 61 61 20 56 67 20 58 7 93 99 75 52 41 92 56 34 69 77 32 49 45 87 48 48 66 45 6 ]
	after push  0x18b9010 len 40 [ 27 16 3 99 50 78 44 6 80 22 31 73 61 61 20 56 67 20 58 7 93 99 75 52 41 92 56 34 69 77 32 49 45 87 48 48 66 45 6 98 ]
	after push  0x18b9010 len 41 [ 27 16 3 99 50 78 44 6 80 22 31 73 61 61 20 56 67 20 58 7 93 99 75 52 41 92 56 34 69 77 32 49 45 87 48 48 66 45 6 98 67 ]
	after push  0x18b9010 len 42 [ 27 16 3 99 50 78 44 6 80 22 31 73 61 61 20 56 67 20 58 7 93 99 75 52 41 92 56 34 69 77 32 49 45 87 48 48 66 45 6 98 67 37 ]
	after push  0x18b9010 len 43 [ 27 16 3 99 50 78 44 6 80 22 31 73 61 61 20 56 67 20 58 7 93 99 75 52 41 92 56 34 69 77 32 49 45 87 48 48 66 45 6 98 67 37 23 ]
	after push  0x18b9010 len 44 [ 27 16 3 99 50 78 44 6 80 22 31 73 61 61 20 56 67 20 58 7 93 99 75 52 41 92 56 34 69 77 32 49 45 87 48 48 66 45 6 98 67 37 23 80 ]
	after push  0x18b9010 len 45 [ 27 16 3 99 50 78 44 6 80 22 31 73 61 61 20 56 67 20 58 7 93 99 75 52 41 92 56 34 69 77 32 49 45 87 48 48 66 45 6 98 67 37 23 80 51 ]
	after push  0x18b9010 len 46 [ 27 16 3 99 50 78 44 6 80 22 31 73 61 61 20 56 67 20 58 7 93 99 75 52 41 92 56 34 69 77 32 49 45 87 48 48 66 45 6 98 67 37 23 80 51 44 ]
	after push  0x18b9010 len 47 [ 27 16 3 99 50 78 44 6 80 22 31 73 61 61 20 56 67 20 58 7 93 99 75 52 41 92 56 34 69 77 32 49 45 87 48 48 66 45 6 98 67 37 23 80 51 44 36 ]
	after push  0x18b9010 len 48 [ 27 16 3 99 50 78 44 6 80 22 31 73 61 61 20 56 67 20 58 7 93 99 75 52 41 92 56 34 69 77 32 49 45 87 48 48 66 45 6 98 67 37 23 80 51 44 36 18 ]
	after push  0x18b9010 len 49 [ 27 16 3 99 50 78 44 6 80 22 31 73 61 61 20 56 67 20 58 7 93 99 75 52 41 92 56 34 69 77 32 49 45 87 48 48 66 45 6 98 67 37 23 80 51 44 36 18 64 ]
	after push  0x18b9010 len 50 [ 27 16 3 99 50 78 44 6 80 22 31 73 61 61 20 56 67 20 58 7 93 99 75 52 41 92 56 34 69 77 32 49 45 87 48 48 66 45 6 98 67 37 23 80 51 44 36 18 64 46 ]
	after push  0x18b9010 len 51 [ 27 16 3 99 50 78 44 6 80 22 31 73 61 61 20 56 67 20 58 7 93 99 75 52 41 92 56 34 69 77 32 49 45 87 48 48 66 45 6 98 67 37 23 80 51 44 36 18 64 46 77 ]
	after push  0x18b9010 len 52 [ 27 16 3 99 50 78 44 6 80 22 31 73 61 61 20 56 67 20 58 7 93 99 75 52 41 92 56 34 69 77 32 49 45 87 48 48 66 45 6 98 67 37 23 80 51 44 36 18 64 46 77 58 ]
	after push  0x18b9010 len 53 [ 27 16 3 99 50 78 44 6 80 22 31 73 61 61 20 56 67 20 58 7 93 99 75 52 41 92 56 34 69 77 32 49 45 87 48 48 66 45 6 98 67 37 23 80 51 44 36 18 64 46 77 58 45 ]
	after push  0x18b9010 len 54 [ 27 16 3 99 50 78 44 6 80 22 31 73 61 61 20 56 67 20 58 7 93 99 75 52 41 92 56 34 69 77 32 49 45 87 48 48 66 45 6 98 67 37 23 80 51 44 36 18 64 46 77 58 45 53 ]
	after push  0x18b9010 len 55 [ 27 16 3 99 50 78 44 6 80 22 31 73 61 61 20 56 67 20 58 7 93 99 75 52 41 92 56 34 69 77 32 49 45 87 48 48 66 45 6 98 67 37 23 80 51 44 36 18 64 46 77 58 45 53 62 ]
	after push  0x18b9010 len 56 [ 27 16 3 99 50 78 44 6 80 22 31 73 61 61 20 56 67 20 58 7 93 99 75 52 41 92 56 34 69 77 32 49 45 87 48 48 66 45 6 98 67 37 23 80 51 44 36 18 64 46 77 58 45 53 62 39 ]
	intarr_push() passed
	before pop  0x18b9010 len 56 [ 27 16 3 99 50 78 44 6 80 22 31 73 61 61 20 56 67 20 58 7 93 99 75 52 41 92 56 34 69 77 32 49 45 87 48 48 66 45 6 98 67 37 23 80 51 44 36 18 64 46 77 58 45 53 62 39 ]
	after pop   0x18b9010 len 55 [ 27 16 3 99 50 78 44 6 80 22 31 73 61 61 20 56 67 20 58 7 93 99 75 52 41 92 56 34 69 77 32 49 45 87 48 48 66 45 6 98 67 37 23 80 51 44 36 18 64 46 77 58 45 53 62 ]
	after pop   0x18b9010 len 54 [ 27 16 3 99 50 78 44 6 80 22 31 73 61 61 20 56 67 20 58 7 93 99 75 52 41 92 56 34 69 77 32 49 45 87 48 48 66 45 6 98 67 37 23 80 51 44 36 18 64 46 77 58 45 53 ]
	after pop   0x18b9010 len 53 [ 27 16 3 99 50 78 44 6 80 22 31 73 61 61 20 56 67 20 58 7 93 99 75 52 41 92 56 34 69 77 32 49 45 87 48 48 66 45 6 98 67 37 23 80 51 44 36 18 64 46 77 58 45 ]
	after pop   0x18b9010 len 52 [ 27 16 3 99 50 78 44 6 80 22 31 73 61 61 20 56 67 20 58 7 93 99 75 52 41 92 56 34 69 77 32 49 45 87 48 48 66 45 6 98 67 37 23 80 51 44 36 18 64 46 77 58 ]
	after pop   0x18b9010 len 51 [ 27 16 3 99 50 78 44 6 80 22 31 73 61 61 20 56 67 20 58 7 93 99 75 52 41 92 56 34 69 77 32 49 45 87 48 48 66 45 6 98 67 37 23 80 51 44 36 18 64 46 77 ]
	after pop   0x18b9010 len 50 [ 27 16 3 99 50 78 44 6 80 22 31 73 61 61 20 56 67 20 58 7 93 99 75 52 41 92 56 34 69 77 32 49 45 87 48 48 66 45 6 98 67 37 23 80 51 44 36 18 64 46 ]
	after pop   0x18b9010 len 49 [ 27 16 3 99 50 78 44 6 80 22 31 73 61 61 20 56 67 20 58 7 93 99 75 52 41 92 56 34 69 77 32 49 45 87 48 48 66 45 6 98 67 37 23 80 51 44 36 18 64 ]
	after pop   0x18b9010 len 48 [ 27 16 3 99 50 78 44 6 80 22 31 73 61 61 20 56 67 20 58 7 93 99 75 52 41 92 56 34 69 77 32 49 45 87 48 48 66 45 6 98 67 37 23 80 51 44 36 18 ]
	after pop   0x18b9010 len 47 [ 27 16 3 99 50 78 44 6 80 22 31 73 61 61 20 56 67 20 58 7 93 99 75 52 41 92 56 34 69 77 32 49 45 87 48 48 66 45 6 98 67 37 23 80 51 44 36 ]
	after pop   0x18b9010 len 46 [ 27 16 3 99 50 78 44 6 80 22 31 73 61 61 20 56 67 20 58 7 93 99 75 52 41 92 56 34 69 77 32 49 45 87 48 48 66 45 6 98 67 37 23 80 51 44 ]
	after pop   0x18b9010 len 45 [ 27 16 3 99 50 78 44 6 80 22 31 73 61 61 20 56 67 20 58 7 93 99 75 52 41 92 56 34 69 77 32 49 45 87 48 48 66 45 6 98 67 37 23 80 51 ]
	after pop   0x18b9010 len 44 [ 27 16 3 99 50 78 44 6 80 22 31 73 61 61 20 56 67 20 58 7 93 99 75 52 41 92 56 34 69 77 32 49 45 87 48 48 66 45 6 98 67 37 23 80 ]
	after pop   0x18b9010 len 43 [ 27 16 3 99 50 78 44 6 80 22 31 73 61 61 20 56 67 20 58 7 93 99 75 52 41 92 56 34 69 77 32 49 45 87 48 48 66 45 6 98 67 37 23 ]
	after pop   0x18b9010 len 42 [ 27 16 3 99 50 78 44 6 80 22 31 73 61 61 20 56 67 20 58 7 93 99 75 52 41 92 56 34 69 77 32 49 45 87 48 48 66 45 6 98 67 37 ]
	after pop   0x18b9010 len 41 [ 27 16 3 99 50 78 44 6 80 22 31 73 61 61 20 56 67 20 58 7 93 99 75 52 41 92 56 34 69 77 32 49 45 87 48 48 66 45 6 98 67 ]
	after pop   0x18b9010 len 40 [ 27 16 3 99 50 78 44 6 80 22 31 73 61 61 20 56 67 20 58 7 93 99 75 52 41 92 56 34 69 77 32 49 45 87 48 48 66 45 6 98 ]
	after pop   0x18b9010 len 39 [ 27 16 3 99 50 78 44 6 80 22 31 73 61 61 20 56 67 20 58 7 93 99 75 52 41 92 56 34 69 77 32 49 45 87 48 48 66 45 6 ]
	after pop   0x18b9010 len 38 [ 27 16 3 99 50 78 44 6 80 22 31 73 61 61 20 56 67 20 58 7 93 99 75 52 41 92 56 34 69 77 32 49 45 87 48 48 66 45 ]
	after pop   0x18b9010 len 37 [ 27 16 3 99 50 78 44 6 80 22 31 73 61 61 20 56 67 20 58 7 93 99 75 52 41 92 56 34 69 77 32 49 45 87 48 48 66 ]
	after pop   0x18b9010 len 36 [ 27 16 3 99 50 78 44 6 80 22 31 73 61 61 20 56 67 20 58 7 93 99 75 52 41 92 56 34 69 77 32 49 45 87 48 48 ]
	after pop   0x18b9010 len 35 [ 27 16 3 99 50 78 44 6 80 22 31 73 61 61 20 56 67 20 58 7 93 99 75 52 41 92 56 34 69 77 32 49 45 87 48 ]
	after pop   0x18b9010 len 34 [ 27 16 3 99 50 78 44 6 80 22 31 73 61 61 20 56 67 20 58 7 93 99 75 52 41 92 56 34 69 77 32 49 45 87 ]
	after pop   0x18b9010 len 33 [ 27 16 3 99 50 78 44 6 80 22 31 73 61 61 20 56 67 20 58 7 93 99 75 52 41 92 56 34 69 77 32 49 45 ]
	after pop   0x18b9010 len 32 [ 27 16 3 99 50 78 44 6 80 22 31 73 61 61 20 56 67 20 58 7 93 99 75 52 41 92 56 34 69 77 32 49 ]
	after pop   0x18b9010 len 31 [ 27 16 3 99 50 78 44 6 80 22 31 73 61 61 20 56 67 20 58 7 93 99 75 52 41 92 56 34 69 77 32 ]
	after pop   0x18b9010 len 30 [ 27 16 3 99 50 78 44 6 80 22 31 73 61 61 20 56 67 20 58 7 93 99 75 52 41 92 56 34 69 77 ]
	after pop   0x18b9010 len 29 [ 27 16 3 99 50 78 44 6 80 22 31 73 61 61 20 56 67 20 58 7 93 99 75 52 41 92 56 34 69 ]
	after pop   0x18b9010 len 28 [ 27 16 3 99 50 78 44 6 80 22 31 73 61 61 20 56 67 20 58 7 93 99 75 52 41 92 56 34 ]
	after pop   0x18b9010 len 27 [ 27 16 3 99 50 78 44 6 80 22 31 73 61 61 20 56 67 20 58 7 93 99 75 52 41 92 56 ]
	after pop   0x18b9010 len 26 [ 27 16 3 99 50 78 44 6 80 22 31 73 61 61 20 56 67 20 58 7 93 99 75 52 41 92 ]
	after pop   0x18b9010 len 25 [ 27 16 3 99 50 78 44 6 80 22 31 73 61 61 20 56 67 20 58 7 93 99 75 52 41 ]
	after pop   0x18b9010 len 24 [ 27 16 3 99 50 78 44 6 80 22 31 73 61 61 20 56 67 20 58 7 93 99 75 52 ]
	after pop   0x18b9010 len 23 [ 27 16 3 99 50 78 44 6 80 22 31 73 61 61 20 56 67 20 58 7 93 99 75 ]
	after pop   0x18b9010 len 22 [ 27 16 3 99 50 78 44 6 80 22 31 73 61 61 20 56 67 20 58 7 93 99 ]
	after pop   0x18b9010 len 21 [ 27 16 3 99 50 78 44 6 80 22 31 73 61 61 20 56 67 20 58 7 93 ]
	after pop   0x18b9010 len 20 [ 27 16 3 99 50 78 44 6 80 22 31 73 61 61 20 56 67 20 58 7 ]
	after pop   0x18b9010 len 19 [ 27 16 3 99 50 78 44 6 80 22 31 73 61 61 20 56 67 20 58 ]
	after pop   0x18b9010 len 18 [ 27 16 3 99 50 78 44 6 80 22 31 73 61 61 20 56 67 20 ]
	after pop   0x18b9010 len 17 [ 27 16 3 99 50 78 44 6 80 22 31 73 61 61 20 56 67 ]
	after pop   0x18b9010 len 16 [ 27 16 3 99 50 78 44 6 80 22 31 73 61 61 20 56 ]
	after pop   0x18b9010 len 15 [ 27 16 3 99 50 78 44 6 80 22 31 73 61 61 20 ]
	after pop   0x18b9010 len 14 [ 27 16 3 99 50 78 44 6 80 22 31 73 61 61 ]
	after pop   0x18b9010 len 13 [ 27 16 3 99 50 78 44 6 80 22 31 73 61 ]
	after pop   0x18b9010 len 12 [ 27 16 3 99 50 78 44 6 80 22 31 73 ]
	after pop   0x18b9010 len 11 [ 27 16 3 99 50 78 44 6 80 22 31 ]
	after pop   0x18b9010 len 10 [ 27 16 3 99 50 78 44 6 80 22 ]
	after pop   0x18b9010 len 9 [ 27 16 3 99 50 78 44 6 80 ]
	after pop   0x18b9010 len 8 [ 27 16 3 99 50 78 44 6 ]
	after pop   0x18b9010 len 7 [ 27 16 3 99 50 78 44 ]
	after pop   0x18b9010 len 6 [ 27 16 3 99 50 78 ]
	after pop   0x18b9010 len 5 [ 27 16 3 99 50 ]
	after pop   0x18b9010 len 4 [ 27 16 3 99 ]
	after pop   0x18b9010 len 3 [ 27 16 3 ]
	after pop   0x18b9010 len 2 [ 27 16 ]
	after pop   0x18b9010 len 1 [ 27 ]
	after pop   0x18b9010 len 0 [ ]
	intarr_pop() passed
	Task 6 passed
	stderr ---------------------------------------------------
	(empty)
	----------------------------------------------------------
	passed.

All unit tests passed. Task complete.
